sample1,sample2,Heterogeneous.Selection,Homogeneous.Selection,Dispersal.Limitation,Homogenizing.Dispersal,Drift.and.Others
FDMP22H003451_1a_L1_CXD_1413,FDMP22H003451_1a_L1_CXD_1412,0,0.391751499,0.041416818,0.430100404,0.136731279
FDMP22H003451_1a_L1_CXD_1414,FDMP22H003451_1a_L1_CXD_1412,0,0.397817599,0.015792776,0.475596151,0.110793474
FDMP22H003451_1a_L1_CXD_1415,FDMP22H003451_1a_L1_CXD_1412,0.000383489,0.366789848,0.024124948,0.015165249,0.593536466
FDMP22H003451_1a_L1_CXD_1604,FDMP22H003451_1a_L1_CXD_1412,0.000801841,0.370520151,0.025937805,0.469878678,0.132861526
FDMP22H003451_1a_L1_CXD_1608,FDMP22H003451_1a_L1_CXD_1412,0.000383489,0.526495607,0.054734347,0.010110166,0.408276391
FDMP22H003451_1a_L1_CXD_1609,FDMP22H003451_1a_L1_CXD_1412,0,0.517675359,0.050864594,0.011365221,0.420094826
FDMP22H003451_1a_L1_CXD_1610,FDMP22H003451_1a_L1_CXD_1412,0.002579835,0.384534932,0.013979919,0.011051457,0.587853856
FDMP22H003451_1a_L1_CXD_1611,FDMP22H003451_1a_L1_CXD_1412,0.000697253,0.396562544,0.010110166,0.008157858,0.58447218
FDMP22H003451_1a_L1_CXD_1612,FDMP22H003451_1a_L1_CXD_1412,0.000383489,0.385232185,0.019732255,0.007251429,0.587400641
FDMP22H003451_1a_L1_CXD_1613,FDMP22H003451_1a_L1_CXD_1412,0.000627528,0.414447079,0.009168875,0.006623902,0.569132617
FDMP22H003451_1a_L1_CXD_1614,FDMP22H003451_1a_L1_CXD_1412,0,0.478001673,0.062822479,0.02217264,0.437003207
FDMP22H003645_1a_L1_DD1,FDMP22H003451_1a_L1_CXD_1412,0.006554177,0.714788732,0.079173058,0.013770743,0.18571329
FDMP22H003645_1a_L1_DD10,FDMP22H003451_1a_L1_CXD_1412,0.005752336,0.612710919,0.224585135,0.006484451,0.150467159
FDMP22H003645_1a_L1_DD11,FDMP22H003451_1a_L1_CXD_1412,0.013735881,0.608701715,0.154406638,0.007216567,0.2159392
FDMP22H003645_1a_L1_DD13,FDMP22H003451_1a_L1_CXD_1412,0.005682611,0.668595733,0.143564356,0.005647748,0.176509552
FDMP22H003645_1a_L1_DD14,FDMP22H003451_1a_L1_CXD_1412,0.019627667,0.609329243,0.195056477,0.016385441,0.159601171
FDMP22H003645_1a_L1_DD15,FDMP22H003451_1a_L1_CXD_1412,0.005508297,0.63265235,0.116964161,0.010702831,0.234172361
FDMP22H003645_1a_L1_DD2,FDMP22H003451_1a_L1_CXD_1412,0.008959699,0.723957607,0.06850509,0.014712035,0.18386557
FDMP22H003645_1a_L1_DD3,FDMP22H003451_1a_L1_CXD_1412,0.008855111,0.627283503,0.135894575,0.012690001,0.215276809
FDMP22H003645_1a_L1_DD4,FDMP22H003451_1a_L1_CXD_1412,0.011400084,0.727548459,0.078440943,0.011923023,0.170687491
FDMP22H003645_1a_L1_DD6,FDMP22H003451_1a_L1_CXD_1412,0.008157858,0.589352949,0.214474969,0.013038628,0.174975596
FDMP22H003645_1a_L1_DD7,FDMP22H003451_1a_L1_CXD_1412,0.020743272,0.614732952,0.131222981,0.00421838,0.229082415
FDMP22H003645_1a_L1_DD9,FDMP22H003451_1a_L1_CXD_1412,0.011365221,0.630386278,0.19509134,0.018198299,0.144958862
FDMP22H003645_1a_L1_DY1,FDMP22H003451_1a_L1_CXD_1412,0.022904755,0.477653047,0.144087296,0.004776182,0.35057872
FDMP22H003645_1a_L1_DY10,FDMP22H003451_1a_L1_CXD_1412,0.087470367,0.13383768,0.22664203,0.012480826,0.539569098
FDMP22H003645_1a_L1_DY11,FDMP22H003451_1a_L1_CXD_1412,0.034130526,0.115918282,0.239087993,0.00554316,0.605320039
FDMP22H003645_1a_L1_DY13,FDMP22H003451_1a_L1_CXD_1412,0.034862641,0.389485427,0.140566169,0.004636731,0.430449031
FDMP22H003645_1a_L1_DY14,FDMP22H003451_1a_L1_CXD_1412,0.103995259,0.406881885,0.155905731,0.011713847,0.321503277
FDMP22H003645_1a_L1_DY15,FDMP22H003451_1a_L1_CXD_1412,0.12473853,0.107830149,0.178671036,0.00620555,0.582554734
FDMP22H003645_1a_L1_DY2,FDMP22H003451_1a_L1_CXD_1412,0.022102915,0.128991772,0.155243341,0.003521127,0.690140845
FDMP22H003645_1a_L1_DY3,FDMP22H003451_1a_L1_CXD_1412,0.010528518,0.601171385,0.115011853,0.008088133,0.265200112
FDMP22H003645_1a_L1_DY4,FDMP22H003451_1a_L1_CXD_1412,0.027680937,0.138578999,0.115395342,0.004706457,0.713638265
FDMP22H003645_1a_L1_DY6,FDMP22H003451_1a_L1_CXD_1412,0.093257565,0.405940594,0.173790266,0.015025798,0.311985776
FDMP22H003645_1a_L1_DY7,FDMP22H003451_1a_L1_CXD_1412,0.0863199,0.200425324,0.162494771,0.013979919,0.536780086
FDMP22H003645_1a_L1_DY9,FDMP22H003451_1a_L1_CXD_1412,0.029249756,0.228942965,0.143146005,0.004462418,0.594198857
FDMP22H003645_1a_L1_ZH1,FDMP22H003451_1a_L1_CXD_1412,0.032875471,0.489262307,0.300132478,0.007495468,0.170234277
FDMP22H003645_1a_L1_ZH11,FDMP22H003451_1a_L1_CXD_1412,0.024508437,0.520080881,0.280330498,0.012201924,0.16287826
FDMP22H003645_1a_L1_ZH12,FDMP22H003451_1a_L1_CXD_1412,0.0031725,0.538976433,0.267187282,0.011051457,0.179612327
FDMP22H003645_1a_L1_ZH13,FDMP22H003451_1a_L1_CXD_1412,0.017396458,0.533991075,0.268825826,0.011818435,0.167968205
FDMP22H003645_1a_L1_ZH14,FDMP22H003451_1a_L1_CXD_1412,0.014398271,0.531515828,0.276495607,0.009412913,0.168177381
FDMP22H003645_1a_L1_ZH15,FDMP22H003451_1a_L1_CXD_1412,0.021614838,0.556547204,0.215730024,0,0.206107935
FDMP22H003645_1a_L1_ZH2,FDMP22H003451_1a_L1_CXD_1412,0.008262446,0.542671873,0.276669921,0.011365221,0.16103054
FDMP22H003645_1a_L1_ZH3,FDMP22H003451_1a_L1_CXD_1412,0.009099149,0.584507042,0.26662948,0.008889974,0.130874355
FDMP22H003645_1a_L1_ZH4,FDMP22H003451_1a_L1_CXD_1412,0.010528518,0.551666434,0.241319202,0.011051457,0.185434389
FDMP22H003645_1a_L1_ZH5,FDMP22H003451_1a_L1_CXD_1412,0.02335797,0.370345837,0.277332311,0.00753033,0.321433552
FDMP22H003645_1a_L1_ZH7,FDMP22H003451_1a_L1_CXD_1412,0.022556129,0.52705341,0.274368986,0.010354204,0.165667271
FDMP22H003645_1a_L1_ZH9,FDMP22H003451_1a_L1_CXD_1412,0.011783573,0.54078929,0.268512062,0.012690001,0.166225073
FDMP22H003646_1a_L1_BH1,FDMP22H003451_1a_L1_CXD_1412,0.010145029,0.813728908,0.033293822,0.00554316,0.137289081
FDMP22H003646_1a_L1_BH10,FDMP22H003451_1a_L1_CXD_1412,0.007321155,0.788418631,0.039952587,0.016699205,0.147608423
FDMP22H003646_1a_L1_BH11,FDMP22H003451_1a_L1_CXD_1412,0.011295496,0.831473992,0.027402036,0.00554316,0.124285316
FDMP22H003646_1a_L1_BH12,FDMP22H003451_1a_L1_CXD_1412,0.003904616,0.852008088,0.031097476,0.008157858,0.104831962
FDMP22H003646_1a_L1_BH13,FDMP22H003451_1a_L1_CXD_1412,0.019836843,0.825128992,0.025902942,0.004845907,0.124285316
FDMP22H003646_1a_L1_BH14,FDMP22H003451_1a_L1_CXD_1412,0.006100962,0.808150886,0.04448473,0.009831265,0.131432157
FDMP22H003646_1a_L1_BH15,FDMP22H003451_1a_L1_CXD_1412,0.008750523,0.246060522,0.133593641,0.008820248,0.602775066
FDMP22H003646_1a_L1_BH2,FDMP22H003451_1a_L1_CXD_1412,0.014014782,0.805745363,0.040754428,0.006135825,0.133349603
FDMP22H003646_1a_L1_BH3,FDMP22H003451_1a_L1_CXD_1412,0.012027611,0.334890531,0.040057175,0.005961512,0.607063171
FDMP22H003646_1a_L1_BH4,FDMP22H003451_1a_L1_CXD_1412,0.009273463,0.350787896,0.034374564,0.005368847,0.600195231
FDMP22H003646_1a_L1_BH6,FDMP22H003451_1a_L1_CXD_1412,0.00672849,0.820283085,0.034444289,0.00502022,0.133523916
FDMP22H003646_1a_L1_BH8,FDMP22H003451_1a_L1_CXD_1412,0.012968903,0.821119788,0.035071817,0.005717473,0.125122019
FDMP22H003646_1a_L1_LYG1,FDMP22H003451_1a_L1_CXD_1412,0.383105564,0.471377772,0.03392135,0.007181704,0.10441361
FDMP22H003646_1a_L1_LYG11,FDMP22H003451_1a_L1_CXD_1412,0.416817738,0.455340957,0.018198299,0.007669781,0.101973225
FDMP22H003646_1a_L1_LYG12,FDMP22H003451_1a_L1_CXD_1412,0.04078929,0.478245712,0.024403849,0.004636731,0.451924418
FDMP22H003646_1a_L1_LYG13,FDMP22H003451_1a_L1_CXD_1412,0.229988844,0.561811463,0.03946451,0.003834891,0.164900293
FDMP22H003646_1a_L1_LYG14,FDMP22H003451_1a_L1_CXD_1412,0.172570074,0.639938642,0.033363548,0.010877144,0.143250593
FDMP22H003646_1a_L1_LYG15,FDMP22H003451_1a_L1_CXD_1412,0.011330358,0.535664482,0.043787477,0.008855111,0.400362571
FDMP22H003646_1a_L1_LYG2,FDMP22H003451_1a_L1_CXD_1412,0.020952447,0.819550969,0.021545112,0.004322968,0.133628504
FDMP22H003646_1a_L1_LYG3,FDMP22H003451_1a_L1_CXD_1412,0.352600753,0.2560661,0.042114071,0.002126621,0.347092456
FDMP22H003646_1a_L1_LYG4,FDMP22H003451_1a_L1_CXD_1412,0.06480965,0.754811044,0.035664482,0.005194534,0.13952029
FDMP22H003646_1a_L1_LYG5,FDMP22H003451_1a_L1_CXD_1412,0.007042254,0.870101799,0.028622228,0.006554177,0.087679543
FDMP22H003646_1a_L1_LYG6,FDMP22H003451_1a_L1_CXD_1412,0.097859434,0.662529633,0.053479292,0.012515688,0.173615953
FDMP22H003646_1a_L1_LYG7,FDMP22H003451_1a_L1_CXD_1412,0.100230093,0.710361177,0.0401269,0.006170687,0.143111142
FDMP22H003646_1a_L1_NB1,FDMP22H003451_1a_L1_CXD_1412,0.029110305,0.744108214,0.05173616,0,0.175045321
FDMP22H003646_1a_L1_NB11,FDMP22H003451_1a_L1_CXD_1412,0.066727095,0.766420304,0.039185609,0.004985358,0.122681634
FDMP22H003646_1a_L1_NB12,FDMP22H003451_1a_L1_CXD_1412,0.006240413,0.448542742,0.0586041,0.000871566,0.48574118
FDMP22H003646_1a_L1_NB14,FDMP22H003451_1a_L1_CXD_1412,0.042950774,0.76913959,0.047831544,3.49E-05,0.14004323
FDMP22H003646_1a_L1_NB15,FDMP22H003451_1a_L1_CXD_1412,0.00791382,0.835099707,0.024752475,6.97E-05,0.132164273
FDMP22H003646_1a_L1_NB2,FDMP22H003451_1a_L1_CXD_1412,0.052538,0.780504811,0.052782039,0.000732115,0.113443034
FDMP22H003646_1a_L1_NB3,FDMP22H003451_1a_L1_CXD_1412,0.055013248,0.391681774,0.054978385,0.003800028,0.494526565
FDMP22H003646_1a_L1_NB4,FDMP22H003451_1a_L1_CXD_1412,0.02785525,0.4567006,0.036919537,0.009622089,0.468902524
FDMP22H003646_1a_L1_NB5,FDMP22H003451_1a_L1_CXD_1412,0.075512481,0.355808116,0.023079068,0.005089946,0.540510389
FDMP22H003646_1a_L1_NB6,FDMP22H003451_1a_L1_CXD_1412,0.012201924,0.427415981,0.038732394,0.005578023,0.516071678
FDMP22H003646_1a_L1_NB7,FDMP22H003451_1a_L1_CXD_1412,0.017361595,0.793857203,0.040301213,0.006100962,0.142379027
FDMP22H003646_1a_L1_NB9,FDMP22H003451_1a_L1_CXD_1412,0.064461024,0.693940873,0.119334821,0.005403709,0.116859573
FDMP22H003646_1a_L1_SY1,FDMP22H003451_1a_L1_CXD_1412,0.029877284,0.604553061,0.173825129,0.001429368,0.190315158
FDMP22H003646_1a_L1_SY11,FDMP22H003451_1a_L1_CXD_1412,0.037372751,0.625087157,0.173720541,0.020255195,0.143564356
FDMP22H003646_1a_L1_SY12,FDMP22H003451_1a_L1_CXD_1412,0.01781481,0.680588481,0.127283503,0.00251011,0.171803096
FDMP22H003646_1a_L1_SY13,FDMP22H003451_1a_L1_CXD_1412,0.019732255,0.654476363,0.159914935,0.010354204,0.155522242
FDMP22H003646_1a_L1_SY14,FDMP22H003451_1a_L1_CXD_1412,0.028761679,0.656916748,0.129479849,0.01108632,0.173755404
FDMP22H003646_1a_L1_SY15,FDMP22H003451_1a_L1_CXD_1412,0.016420304,0.66420304,0.100299819,0.025484591,0.193592247
FDMP22H003646_1a_L1_SY2,FDMP22H003451_1a_L1_CXD_1412,0.034200251,0.333217125,0.084193278,0.005055083,0.543334263
FDMP22H003646_1a_L1_SY3,FDMP22H003451_1a_L1_CXD_1412,0.017222145,0.597371357,0.225665876,0.001080742,0.15865988
FDMP22H003646_1a_L1_SY5,FDMP22H003451_1a_L1_CXD_1412,0.024264398,0.639450565,0.159078232,0.019941431,0.157265374
FDMP22H003646_1a_L1_SY6,FDMP22H003451_1a_L1_CXD_1412,0.019104727,0.599951192,0.168874634,0.004497281,0.207572166
FDMP22H003646_1a_L1_SY7,FDMP22H003451_1a_L1_CXD_1412,0.016350579,0.579765723,0.246130247,0.015025798,0.142727653
FDMP22H003646_1a_L1_SY9,FDMP22H003451_1a_L1_CXD_1412,0.012585413,0.650885511,0.171524195,0.02904058,0.135964301
FDMP22H003647_1a_L1_ST1,FDMP22H003451_1a_L1_CXD_1412,0.011678985,0.764851485,0.053862781,3.49E-05,0.169571887
FDMP22H003647_1a_L1_ST10,FDMP22H003451_1a_L1_CXD_1412,0.052433412,0.359643007,0.037407614,0,0.550515967
FDMP22H003647_1a_L1_ST11,FDMP22H003451_1a_L1_CXD_1412,0.036292009,0.744352252,0.05794171,0,0.161414029
FDMP22H003647_1a_L1_ST12,FDMP22H003451_1a_L1_CXD_1412,0.052224237,0.370241249,0.044205829,0.000174313,0.533154372
FDMP22H003647_1a_L1_ST13,FDMP22H003451_1a_L1_CXD_1412,0.009970715,0.391681774,0.056163715,0.000732115,0.54145168
FDMP22H003647_1a_L1_ST14,FDMP22H003451_1a_L1_CXD_1412,0.062927067,0.673093014,0.075512481,0,0.188467438
FDMP22H003647_1a_L1_ST15,FDMP22H003451_1a_L1_CXD_1412,0.013247804,0.379723888,0.087714405,0,0.519313903
FDMP22H003647_1a_L1_ST2,FDMP22H003451_1a_L1_CXD_1412,0.029145168,0.382722075,0.029807558,0,0.558325199
FDMP22H003647_1a_L1_ST3,FDMP22H003451_1a_L1_CXD_1412,0.014084507,0.778622228,0.042323246,0,0.164970018
FDMP22H003647_1a_L1_ST5,FDMP22H003451_1a_L1_CXD_1412,0.032631432,0.754078929,0.039708548,0,0.173581091
FDMP22H003647_1a_L1_ST7,FDMP22H003451_1a_L1_CXD_1412,0.017466183,0.762655139,0.034862641,3.49E-05,0.184981174
FDMP22H003647_1a_L1_ST9,FDMP22H003451_1a_L1_CXD_1412,0.007600056,0.743062334,0.07087575,0,0.17846186
FDMP22H003647_1a_L1_WZ1,FDMP22H003451_1a_L1_CXD_1412,0.024787338,0.830707014,0.049470088,0.004567006,0.090468554
FDMP22H003647_1a_L1_WZ10,FDMP22H003451_1a_L1_CXD_1412,0.039778274,0.819516107,0.04818017,0.003904616,0.088620834
FDMP22H003647_1a_L1_WZ11,FDMP22H003451_1a_L1_CXD_1412,0.031515828,0.821607865,0.042985637,0.004671594,0.099219077
FDMP22H003647_1a_L1_WZ13,FDMP22H003451_1a_L1_CXD_1412,0.024473574,0.834716218,0.034792916,0.004567006,0.101450286
FDMP22H003647_1a_L1_WZ14,FDMP22H003451_1a_L1_CXD_1412,0.051596709,0.812369265,0.031515828,0.004497281,0.100020918
FDMP22H003647_1a_L1_WZ15,FDMP22H003451_1a_L1_CXD_1412,0.009203737,0.837993306,0.060835309,0.01345698,0.078510668
FDMP22H003647_1a_L1_WZ2,FDMP22H003451_1a_L1_CXD_1412,0.052538,0.817145447,0.037895691,0.01160926,0.080811602
FDMP22H003647_1a_L1_WZ3,FDMP22H003451_1a_L1_CXD_1412,0.023392832,0.82973086,0.037198438,0.004183517,0.105494352
FDMP22H003647_1a_L1_WZ4,FDMP22H003451_1a_L1_CXD_1412,0.030574536,0.824431739,0.038592944,0.00620555,0.100195231
FDMP22H003647_1a_L1_WZ5,FDMP22H003451_1a_L1_CXD_1412,0.036884674,0.842176823,0.019104727,0.013247804,0.088585971
FDMP22H003647_1a_L1_WZ7,FDMP22H003451_1a_L1_CXD_1412,0.046715939,0.826070283,0.028761679,0.005578023,0.092874076
FDMP22H003647_1a_L1_WZ9,FDMP22H003451_1a_L1_CXD_1412,0.034304839,0.827918003,0.031725003,0.01108632,0.094965835
FDMP22H003647_1a_L1_XM1,FDMP22H003451_1a_L1_CXD_1412,0.003904616,0.791625994,0.043264538,0.000557802,0.160647051
FDMP22H003647_1a_L1_XM10,FDMP22H003451_1a_L1_CXD_1412,0.02349742,0.399839632,0.052259099,0.000313764,0.524090085
FDMP22H003647_1a_L1_XM11,FDMP22H003451_1a_L1_CXD_1412,0.012306512,0.770429508,0.054978385,0.000418352,0.161867243
FDMP22H003647_1a_L1_XM12,FDMP22H003451_1a_L1_CXD_1412,0.010981732,0.807453633,0.044031516,0.000348626,0.137184493
FDMP22H003647_1a_L1_XM13,FDMP22H003451_1a_L1_CXD_1412,0.007809232,0.432575652,0.053235253,0.001150467,0.505229396
FDMP22H003647_1a_L1_XM14,FDMP22H003451_1a_L1_CXD_1412,0.021614838,0.444184911,0.077848278,0.000871566,0.455480407
FDMP22H003647_1a_L1_XM15,FDMP22H003451_1a_L1_CXD_1412,0.017047832,0.396423093,0.061183935,0.009273463,0.516071678
FDMP22H003647_1a_L1_XM2,FDMP22H003451_1a_L1_CXD_1412,0.014014782,0.779214893,0.058673825,0.000383489,0.147713011
FDMP22H003647_1a_L1_XM3,FDMP22H003451_1a_L1_CXD_1412,0.011434946,0.773671733,0.041068191,0.002614698,0.171210431
FDMP22H003647_1a_L1_XM4,FDMP22H003451_1a_L1_CXD_1412,0.0184772,0.798354483,0.033224097,0.000557802,0.149386418
FDMP22H003647_1a_L1_XM6,FDMP22H003451_1a_L1_CXD_1412,0.00421838,0.457885929,0.036710361,0.000174313,0.501011017
FDMP22H003647_1a_L1_XM8,FDMP22H003451_1a_L1_CXD_1412,0.015060661,0.767466183,0.035350718,0,0.182122438
FDMP22H003647_1a_L1_YC1,FDMP22H003451_1a_L1_CXD_1412,0.022660717,0.798284758,0.027227723,0.000766978,0.151059824
FDMP22H003647_1a_L1_YC12,FDMP22H003451_1a_L1_CXD_1412,0.010179891,0.829661135,0.027646074,0.000941291,0.131571608
FDMP22H003647_1a_L1_YC13,FDMP22H003451_1a_L1_CXD_1412,0.005647748,0.815960117,0.040231488,0.000557802,0.137602845
FDMP22H003647_1a_L1_YC14,FDMP22H003451_1a_L1_CXD_1412,0.02335797,0.804664621,0.036222284,0.000801841,0.134953284
FDMP22H003647_1a_L1_YC15,FDMP22H003451_1a_L1_CXD_1412,0.007425743,0.836180449,0.032317668,0.000766978,0.123309162
FDMP22H003647_1a_L1_YC2,FDMP22H003451_1a_L1_CXD_1412,0.005159671,0.829835448,0.029075443,0.000732115,0.135197323
FDMP22H003647_1a_L1_YC3,FDMP22H003451_1a_L1_CXD_1412,0.008297309,0.815506903,0.02785525,0.000592665,0.147747873
FDMP22H003647_1a_L1_YC4,FDMP22H003451_1a_L1_CXD_1412,0.001812857,0.827848278,0.038174592,0.001080742,0.131083531
FDMP22H003647_1a_L1_YC5,FDMP22H003451_1a_L1_CXD_1412,0.018372612,0.826279459,0.031759866,0.000836703,0.12275136
FDMP22H003647_1a_L1_YC7,FDMP22H003451_1a_L1_CXD_1412,0.005996374,0.835901548,0.031271789,0.001011017,0.125819272
FDMP22H003647_1a_L1_YC8,FDMP22H003451_1a_L1_CXD_1412,0.019383629,0.816204156,0.030435086,0.00066239,0.13331474
FDMP22H003647_1a_L1_YC9,FDMP22H003451_1a_L1_CXD_1412,0.001987171,0.829800586,0.038418631,0.000453214,0.129340399
FDMP22H003451_1a_L1_CXD_1414,FDMP22H003451_1a_L1_CXD_1413,0,0.381397295,0.03458374,0.455027193,0.128991772
FDMP22H003451_1a_L1_CXD_1415,FDMP22H003451_1a_L1_CXD_1413,0.000801841,0.347475945,0.038523219,0.028866267,0.584332729
FDMP22H003451_1a_L1_CXD_1604,FDMP22H003451_1a_L1_CXD_1413,0.000801841,0.337470367,0.069969321,0.445544554,0.146213917
FDMP22H003451_1a_L1_CXD_1608,FDMP22H003451_1a_L1_CXD_1413,0.000801841,0.446241807,0.129758751,0.014154232,0.409043369
FDMP22H003451_1a_L1_CXD_1609,FDMP22H003451_1a_L1_CXD_1413,0,0.446241807,0.11905592,0.014293683,0.42040859
FDMP22H003451_1a_L1_CXD_1610,FDMP22H003451_1a_L1_CXD_1413,0.000871566,0.364523776,0.012759727,0.009203737,0.612641194
FDMP22H003451_1a_L1_CXD_1611,FDMP22H003451_1a_L1_CXD_1413,0,0.369439409,0.01662948,0.009308325,0.604622786
FDMP22H003451_1a_L1_CXD_1612,FDMP22H003451_1a_L1_CXD_1413,0,0.362536606,0.021963464,0.00871566,0.60678427
FDMP22H003451_1a_L1_CXD_1613,FDMP22H003451_1a_L1_CXD_1413,0.007216567,0.384604658,0.017675359,0.46844931,0.122054107
FDMP22H003451_1a_L1_CXD_1614,FDMP22H003451_1a_L1_CXD_1413,0,0.457188677,0.112187979,0.014398271,0.416225073
FDMP22H003645_1a_L1_DD1,FDMP22H003451_1a_L1_CXD_1413,0.006449589,0.713010738,0.115674243,0.014467996,0.150397434
FDMP22H003645_1a_L1_DD10,FDMP22H003451_1a_L1_CXD_1413,0.002266072,0.598138335,0.233440245,0.005926649,0.160228699
FDMP22H003645_1a_L1_DD11,FDMP22H003451_1a_L1_CXD_1413,0.001533956,0.5863199,0.261469809,0.008506484,0.142169851
FDMP22H003645_1a_L1_DD13,FDMP22H003451_1a_L1_CXD_1413,0.000732115,0.637289081,0.164377353,0.006902803,0.190698647
FDMP22H003645_1a_L1_DD14,FDMP22H003451_1a_L1_CXD_1413,0.008227583,0.598138335,0.224864036,0.005612885,0.163157161
FDMP22H003645_1a_L1_DD15,FDMP22H003451_1a_L1_CXD_1413,0.000488077,0.46409148,0.153256171,0.010737693,0.371426579
FDMP22H003645_1a_L1_DD2,FDMP22H003451_1a_L1_CXD_1413,0.001673407,0.710814391,0.109120067,0.016141403,0.162250732
FDMP22H003645_1a_L1_DD3,FDMP22H003451_1a_L1_CXD_1413,0.001289918,0.649735044,0.139171664,0.003939478,0.205863896
FDMP22H003645_1a_L1_DD4,FDMP22H003451_1a_L1_CXD_1413,0.00237066,0.718972249,0.11351276,0.013387254,0.151757077
FDMP22H003645_1a_L1_DD6,FDMP22H003451_1a_L1_CXD_1413,0.002963325,0.573281272,0.206805188,0.016838656,0.20011156
FDMP22H003645_1a_L1_DD7,FDMP22H003451_1a_L1_CXD_1413,0.016315716,0.596569516,0.176649003,0.00554316,0.204922605
FDMP22H003645_1a_L1_DD9,FDMP22H003451_1a_L1_CXD_1413,0,0.584820806,0.256937666,0.008506484,0.149735044
FDMP22H003645_1a_L1_DY1,FDMP22H003451_1a_L1_CXD_1413,0.028935992,0.209803375,0.236438433,0.005508297,0.519313903
FDMP22H003645_1a_L1_DY10,FDMP22H003451_1a_L1_CXD_1413,0.067633524,0.148131362,0.251045879,3.49E-05,0.533154372
FDMP22H003645_1a_L1_DY11,FDMP22H003451_1a_L1_CXD_1413,0.029493794,0.105041138,0.285002092,0.005647748,0.574815228
FDMP22H003645_1a_L1_DY13,FDMP22H003451_1a_L1_CXD_1413,0.029249756,0.125610096,0.177834333,0.005473435,0.66183238
FDMP22H003645_1a_L1_DY14,FDMP22H003451_1a_L1_CXD_1413,0.096186027,0.153395621,0.176265514,0.008227583,0.565925254
FDMP22H003645_1a_L1_DY15,FDMP22H003451_1a_L1_CXD_1413,0.125191745,0.099044764,0.180204992,0.007634918,0.587923581
FDMP22H003645_1a_L1_DY2,FDMP22H003451_1a_L1_CXD_1413,0.029981871,0.137045043,0.146318505,0.004253242,0.682401339
FDMP22H003645_1a_L1_DY3,FDMP22H003451_1a_L1_CXD_1413,0.016734068,0.067633524,0.117243062,0.009203737,0.789185609
FDMP22H003645_1a_L1_DY4,FDMP22H003451_1a_L1_CXD_1413,0.015827639,0.116057733,0.145202901,0.004985358,0.71792637
FDMP22H003645_1a_L1_DY6,FDMP22H003451_1a_L1_CXD_1413,0.076697811,0.148026775,0.208862083,0.005194534,0.561218798
FDMP22H003645_1a_L1_DY7,FDMP22H003451_1a_L1_CXD_1413,0.088446521,0.172291173,0.181564635,0.00990099,0.547796681
FDMP22H003645_1a_L1_DY9,FDMP22H003451_1a_L1_CXD_1413,0.028761679,0.249267885,0.1388579,0.005333984,0.577778553
FDMP22H003645_1a_L1_ZH1,FDMP22H003451_1a_L1_CXD_1413,0.010249617,0.338655697,0.365918282,0.00871566,0.276460745
FDMP22H003645_1a_L1_ZH11,FDMP22H003451_1a_L1_CXD_1413,0.023741459,0.490447636,0.320945475,0.013422117,0.151443313
FDMP22H003645_1a_L1_ZH12,FDMP22H003451_1a_L1_CXD_1413,0.001464231,0.360619161,0.350160368,0.012236787,0.275519453
FDMP22H003645_1a_L1_ZH13,FDMP22H003451_1a_L1_CXD_1413,0.009691814,0.364070562,0.320631711,0.012968903,0.29263701
FDMP22H003645_1a_L1_ZH14,FDMP22H003451_1a_L1_CXD_1413,0.018302887,0.489959559,0.319795008,0.010877144,0.161065402
FDMP22H003645_1a_L1_ZH15,FDMP22H003451_1a_L1_CXD_1413,0.016280853,0.378503695,0.287686515,0,0.317528936
FDMP22H003645_1a_L1_ZH2,FDMP22H003451_1a_L1_CXD_1413,0.007634918,0.513875331,0.306372891,0.012585413,0.159531446
FDMP22H003645_1a_L1_ZH3,FDMP22H003451_1a_L1_CXD_1413,0.014607447,0.519976293,0.316971134,0.010110166,0.13833496
FDMP22H003645_1a_L1_ZH4,FDMP22H003451_1a_L1_CXD_1413,0.013108353,0.503834891,0.307662809,0.012236787,0.163157161
FDMP22H003645_1a_L1_ZH5,FDMP22H003451_1a_L1_CXD_1413,0.010040441,0.345000697,0.346325478,0.008750523,0.289882862
FDMP22H003645_1a_L1_ZH7,FDMP22H003451_1a_L1_CXD_1413,0.017535909,0.493480686,0.328894157,0.011574397,0.148514851
FDMP22H003645_1a_L1_ZH9,FDMP22H003451_1a_L1_CXD_1413,0.003311951,0.510075303,0.323664761,0.013910194,0.149037791
FDMP22H003646_1a_L1_BH1,FDMP22H003451_1a_L1_CXD_1413,0.006937666,0.321398689,0.084018965,0.006170687,0.581473992
FDMP22H003646_1a_L1_BH10,FDMP22H003451_1a_L1_CXD_1413,0.004183517,0.329312509,0.102321852,0.009064287,0.555117836
FDMP22H003646_1a_L1_BH11,FDMP22H003451_1a_L1_CXD_1413,0.004044066,0.302503138,0.077185888,0.005508297,0.610758611
FDMP22H003646_1a_L1_BH12,FDMP22H003451_1a_L1_CXD_1413,0.000418352,0.318435365,0.053758193,0.009517501,0.61787059
FDMP22H003646_1a_L1_BH13,FDMP22H003451_1a_L1_CXD_1413,0.008855111,0.320073909,0.07788314,0.005647748,0.587540092
FDMP22H003646_1a_L1_BH14,FDMP22H003451_1a_L1_CXD_1413,0.001603681,0.320108771,0.070701436,0.011190908,0.596395203
FDMP22H003646_1a_L1_BH15,FDMP22H003451_1a_L1_CXD_1413,0.001638544,0.228315437,0.174173755,0.009343188,0.586529075
FDMP22H003646_1a_L1_BH2,FDMP22H003451_1a_L1_CXD_1413,0.007878957,0.30926649,0.076418909,0.006275275,0.600160368
FDMP22H003646_1a_L1_BH3,FDMP22H003451_1a_L1_CXD_1413,0.008889974,0.304943523,0.083914377,0.005961512,0.596290615
FDMP22H003646_1a_L1_BH4,FDMP22H003451_1a_L1_CXD_1413,0.001708269,0.327778553,0.078057454,0.005333984,0.58712174
FDMP22H003646_1a_L1_BH6,FDMP22H003451_1a_L1_CXD_1413,0.003521127,0.302782039,0.07589597,0.005961512,0.611839353
FDMP22H003646_1a_L1_BH8,FDMP22H003451_1a_L1_CXD_1413,0.005856924,0.290754428,0.08816762,0.005822061,0.609398968
FDMP22H003646_1a_L1_LYG1,FDMP22H003451_1a_L1_CXD_1413,0.379898201,0.443522521,0.052363687,0.009099149,0.115116441
FDMP22H003646_1a_L1_LYG11,FDMP22H003451_1a_L1_CXD_1413,0.407509413,0.212801562,0.048145307,0.010075303,0.321468414
FDMP22H003646_1a_L1_LYG12,FDMP22H003451_1a_L1_CXD_1413,0.040580114,0.463707991,0.055361874,0.00488077,0.435469251
FDMP22H003646_1a_L1_LYG13,FDMP22H003451_1a_L1_CXD_1413,0.223260354,0.529842421,0.113233859,0.004497281,0.129166086
FDMP22H003646_1a_L1_LYG14,FDMP22H003451_1a_L1_CXD_1413,0.17093153,0.375017431,0.061079347,0.011504672,0.38146702
FDMP22H003646_1a_L1_LYG15,FDMP22H003451_1a_L1_CXD_1413,0.006100962,0.523079068,0.077185888,0.010807419,0.382826663
FDMP22H003646_1a_L1_LYG2,FDMP22H003451_1a_L1_CXD_1413,0.017745084,0.784409427,0.038244317,0.005333984,0.154267187
FDMP22H003646_1a_L1_LYG3,FDMP22H003451_1a_L1_CXD_1413,0.34806861,0.24260912,0.0710152,0.003416539,0.334890531
FDMP22H003646_1a_L1_LYG4,FDMP22H003451_1a_L1_CXD_1413,0.06480965,0.467577744,0.049295775,0.004915632,0.413401199
FDMP22H003646_1a_L1_LYG5,FDMP22H003451_1a_L1_CXD_1413,0.002056896,0.834995119,0.039185609,0.008297309,0.115465068
FDMP22H003646_1a_L1_LYG6,FDMP22H003451_1a_L1_CXD_1413,0.097859434,0.379549575,0.115709106,0.011853298,0.395028587
FDMP22H003646_1a_L1_LYG7,FDMP22H003451_1a_L1_CXD_1413,0.097057593,0.434249059,0.062578441,0.006240413,0.399874494
FDMP22H003646_1a_L1_NB1,FDMP22H003451_1a_L1_CXD_1413,0.008297309,0.375644959,0.104971413,0,0.51108632
FDMP22H003646_1a_L1_NB11,FDMP22H003451_1a_L1_CXD_1413,0.050899456,0.404476363,0.049714126,0.004671594,0.49023846
FDMP22H003646_1a_L1_NB12,FDMP22H003451_1a_L1_CXD_1413,0,0.460500628,0.055292149,0,0.484207224
FDMP22H003646_1a_L1_NB14,FDMP22H003451_1a_L1_CXD_1413,0.039046158,0.396074467,0.051561846,0,0.513317529
FDMP22H003646_1a_L1_NB15,FDMP22H003451_1a_L1_CXD_1413,0.002475248,0.148131362,0.046750802,3.49E-05,0.802607726
FDMP22H003646_1a_L1_NB2,FDMP22H003451_1a_L1_CXD_1413,0.042114071,0.123622926,0.040928741,0.000278901,0.793055362
FDMP22H003646_1a_L1_NB3,FDMP22H003451_1a_L1_CXD_1413,0.044380142,0.110932924,0.054071956,0.004078929,0.786536048
FDMP22H003646_1a_L1_NB4,FDMP22H003451_1a_L1_CXD_1413,0.008506484,0.469460326,0.039778274,0.003625715,0.478629201
FDMP22H003646_1a_L1_NB5,FDMP22H003451_1a_L1_CXD_1413,0.048389346,0.362920095,0.05424627,0.00488077,0.52956352
FDMP22H003646_1a_L1_NB6,FDMP22H003451_1a_L1_CXD_1413,0.004392693,0.409287408,0.072932645,6.97E-05,0.513317529
FDMP22H003646_1a_L1_NB7,FDMP22H003451_1a_L1_CXD_1413,0.002928462,0.417096639,0.074850091,3.49E-05,0.505089946
FDMP22H003646_1a_L1_NB9,FDMP22H003451_1a_L1_CXD_1413,0.037825966,0.378468833,0.152733231,0.005647748,0.425324223
FDMP22H003646_1a_L1_SY1,FDMP22H003451_1a_L1_CXD_1413,0.013317529,0.242957746,0.206456561,0.001673407,0.535594757
FDMP22H003646_1a_L1_SY11,FDMP22H003451_1a_L1_CXD_1413,0.034165388,0.501638544,0.191709664,0.017884535,0.254601869
FDMP22H003646_1a_L1_SY12,FDMP22H003451_1a_L1_CXD_1413,0.0124111,0.651269,0.162634221,0.002335797,0.171349881
FDMP22H003646_1a_L1_SY13,FDMP22H003451_1a_L1_CXD_1413,0.024752475,0.649107516,0.186480268,0.010807419,0.128852322
FDMP22H003646_1a_L1_SY14,FDMP22H003451_1a_L1_CXD_1413,0.029981871,0.369927486,0.166992051,0.010528518,0.422570074
FDMP22H003646_1a_L1_SY15,FDMP22H003451_1a_L1_CXD_1413,0.016873518,0.650223121,0.153535072,0.000941291,0.178426998
FDMP22H003646_1a_L1_SY2,FDMP22H003451_1a_L1_CXD_1413,0.030539674,0.333774927,0.203807,0.005822061,0.426056338
FDMP22H003646_1a_L1_SY3,FDMP22H003451_1a_L1_CXD_1413,0.018790964,0.45300516,0.275414865,0.001220192,0.251568819
FDMP22H003646_1a_L1_SY5,FDMP22H003451_1a_L1_CXD_1413,0.02231209,0.629549575,0.15628922,0.019627667,0.172221447
FDMP22H003646_1a_L1_SY6,FDMP22H003451_1a_L1_CXD_1413,0.01108632,0.488948543,0.210884117,0.001987171,0.28709385
FDMP22H003646_1a_L1_SY7,FDMP22H003451_1a_L1_CXD_1413,0.022660717,0.570666574,0.258471622,0.000592665,0.147608423
FDMP22H003646_1a_L1_SY9,FDMP22H003451_1a_L1_CXD_1413,0.018058848,0.614872403,0.211616232,0.001952308,0.153500209
FDMP22H003647_1a_L1_ST1,FDMP22H003451_1a_L1_CXD_1413,0.008889974,0.418003068,0.075686794,0,0.497420165
FDMP22H003647_1a_L1_ST10,FDMP22H003451_1a_L1_CXD_1413,0.03036536,0.331369405,0.08896946,0,0.549295775
FDMP22H003647_1a_L1_ST11,FDMP22H003451_1a_L1_CXD_1413,0.020290057,0.361595314,0.102252127,0,0.515862502
FDMP22H003647_1a_L1_ST12,FDMP22H003451_1a_L1_CXD_1413,0.054106819,0.356609957,0.052189374,0.001812857,0.535280993
FDMP22H003647_1a_L1_ST13,FDMP22H003451_1a_L1_CXD_1413,0.01042393,0.358213638,0.163749826,0.002161484,0.465451123
FDMP22H003647_1a_L1_ST14,FDMP22H003451_1a_L1_CXD_1413,0.050097615,0.328545531,0.118916469,0.002091758,0.500348626
FDMP22H003647_1a_L1_ST15,FDMP22H003451_1a_L1_CXD_1413,0.009970715,0.377318366,0.124564217,0.000104588,0.488042114
FDMP22H003647_1a_L1_ST2,FDMP22H003451_1a_L1_CXD_1413,0.013387254,0.370729326,0.07655836,0,0.539325059
FDMP22H003647_1a_L1_ST3,FDMP22H003451_1a_L1_CXD_1413,0.009308325,0.384709246,0.086668526,0,0.519313903
FDMP22H003647_1a_L1_ST5,FDMP22H003451_1a_L1_CXD_1413,0.014537721,0.706561149,0.094582346,0,0.184318784
FDMP22H003647_1a_L1_ST7,FDMP22H003451_1a_L1_CXD_1413,0.008889974,0.42159392,0.127736717,0,0.441779389
FDMP22H003647_1a_L1_ST9,FDMP22H003451_1a_L1_CXD_1413,0.008088133,0.399700181,0.089875889,0.000488077,0.50184772
FDMP22H003647_1a_L1_WZ1,FDMP22H003451_1a_L1_CXD_1413,0.021545112,0.809127039,0.047343467,0.003660577,0.118323804
FDMP22H003647_1a_L1_WZ10,FDMP22H003451_1a_L1_CXD_1413,0.022346953,0.807314182,0.058638962,0.003137638,0.108562265
FDMP22H003647_1a_L1_WZ11,FDMP22H003451_1a_L1_CXD_1413,0.00871566,0.807105006,0.071573002,0.003521127,0.109085204
FDMP22H003647_1a_L1_WZ13,FDMP22H003451_1a_L1_CXD_1413,0.00620555,0.825826245,0.063833496,0.00052294,0.10361177
FDMP22H003647_1a_L1_WZ14,FDMP22H003451_1a_L1_CXD_1413,0.02600753,0.800097615,0.056651792,0.003416539,0.113826523
FDMP22H003647_1a_L1_WZ15,FDMP22H003451_1a_L1_CXD_1413,0.004636731,0.827011574,0.056338028,0.004776182,0.107237484
FDMP22H003647_1a_L1_WZ2,FDMP22H003451_1a_L1_CXD_1413,0.027785525,0.817459211,0.050376517,0.004671594,0.099707154
FDMP22H003647_1a_L1_WZ3,FDMP22H003451_1a_L1_CXD_1413,0.017047832,0.81850509,0.050097615,0.003974341,0.110375122
FDMP22H003647_1a_L1_WZ4,FDMP22H003451_1a_L1_CXD_1413,0.020673546,0.800515967,0.057627946,0.00488077,0.116301771
FDMP22H003647_1a_L1_WZ5,FDMP22H003451_1a_L1_CXD_1413,0.013038628,0.819969321,0.06296193,0.000278901,0.10375122
FDMP22H003647_1a_L1_WZ7,FDMP22H003451_1a_L1_CXD_1413,0.025449728,0.452063868,0.049574676,0.004811044,0.468100683
FDMP22H003647_1a_L1_WZ9,FDMP22H003451_1a_L1_CXD_1413,0.026774508,0.412773672,0.065611491,0.012794589,0.48204574
FDMP22H003647_1a_L1_XM1,FDMP22H003451_1a_L1_CXD_1413,0.003381676,0.452935434,0.071363827,0,0.472319063
FDMP22H003647_1a_L1_XM10,FDMP22H003451_1a_L1_CXD_1413,0.013631293,0.394087296,0.072374843,0.000488077,0.519418491
FDMP22H003647_1a_L1_XM11,FDMP22H003451_1a_L1_CXD_1413,0.008820248,0.410228699,0.076349184,0.000488077,0.504113792
FDMP22H003647_1a_L1_XM12,FDMP22H003451_1a_L1_CXD_1413,0.0092386,0.418177381,0.065018826,0.00052294,0.507042254
FDMP22H003647_1a_L1_XM13,FDMP22H003451_1a_L1_CXD_1413,0.001429368,0.419641612,0.090886906,0.000418352,0.487623762
FDMP22H003647_1a_L1_XM14,FDMP22H003451_1a_L1_CXD_1413,0.015827639,0.434562822,0.11853298,0.000383489,0.430693069
FDMP22H003647_1a_L1_XM15,FDMP22H003451_1a_L1_CXD_1413,0.012550551,0.39018268,0.092595175,0.000278901,0.504392693
FDMP22H003647_1a_L1_XM2,FDMP22H003451_1a_L1_CXD_1413,0.013422117,0.404790127,0.070283085,0.000557802,0.510946869
FDMP22H003647_1a_L1_XM3,FDMP22H003451_1a_L1_CXD_1413,0.009134012,0.426997629,0.081264817,3.49E-05,0.482568679
FDMP22H003647_1a_L1_XM4,FDMP22H003451_1a_L1_CXD_1413,0.01056338,0.406951611,0.052224237,0,0.530260773
FDMP22H003647_1a_L1_XM6,FDMP22H003451_1a_L1_CXD_1413,0.0031725,0.427381118,0.078894157,0.000592665,0.489959559
FDMP22H003647_1a_L1_XM8,FDMP22H003451_1a_L1_CXD_1413,0.009796402,0.72664203,0.090538279,0,0.173023288
FDMP22H003647_1a_L1_YC1,FDMP22H003451_1a_L1_CXD_1413,0.005438572,0.766315716,0.086912564,0.001045879,0.140287268
FDMP22H003647_1a_L1_YC12,FDMP22H003451_1a_L1_CXD_1413,0.007460605,0.790336076,0.058708688,0.000139451,0.143355181
FDMP22H003647_1a_L1_YC13,FDMP22H003451_1a_L1_CXD_1413,0.004288105,0.789569098,0.064112397,0.000836703,0.141193697
FDMP22H003647_1a_L1_YC14,FDMP22H003451_1a_L1_CXD_1413,0.002091758,0.7777158,0.078301492,0.001150467,0.140740482
FDMP22H003647_1a_L1_YC15,FDMP22H003451_1a_L1_CXD_1413,0.006170687,0.799226049,0.056303166,0,0.138300098
FDMP22H003647_1a_L1_YC2,FDMP22H003451_1a_L1_CXD_1413,0.003974341,0.789359922,0.074954679,0.001255055,0.130456003
FDMP22H003647_1a_L1_YC3,FDMP22H003451_1a_L1_CXD_1413,0.008855111,0.773183656,0.085099707,0.002649561,0.130211965
FDMP22H003647_1a_L1_YC4,FDMP22H003451_1a_L1_CXD_1413,0.004636731,0.779493794,0.080079487,0.000348626,0.135441361
FDMP22H003647_1a_L1_YC5,FDMP22H003451_1a_L1_CXD_1413,0.004567006,0.803409566,0.061985776,0.001115605,0.128922047
FDMP22H003647_1a_L1_YC7,FDMP22H003451_1a_L1_CXD_1413,0.006414726,0.799783852,0.061149073,0.000244038,0.132408311
FDMP22H003647_1a_L1_YC8,FDMP22H003451_1a_L1_CXD_1413,0.006100962,0.787128713,0.073908799,0.000871566,0.13198996
FDMP22H003647_1a_L1_YC9,FDMP22H003451_1a_L1_CXD_1413,0.001150467,0.804350858,0.063345419,0.000732115,0.130421141
FDMP22H003451_1a_L1_CXD_1415,FDMP22H003451_1a_L1_CXD_1414,0,0.349846604,0.019906568,0.53524613,0.095000697
FDMP22H003451_1a_L1_CXD_1604,FDMP22H003451_1a_L1_CXD_1414,0.002056896,0.337818993,0.052886627,0.497838516,0.109398968
FDMP22H003451_1a_L1_CXD_1608,FDMP22H003451_1a_L1_CXD_1414,0,0.492643983,0.068574815,0.009831265,0.428949937
FDMP22H003451_1a_L1_CXD_1609,FDMP22H003451_1a_L1_CXD_1414,0,0.500174313,0.053479292,0.011260633,0.435085762
FDMP22H003451_1a_L1_CXD_1610,FDMP22H003451_1a_L1_CXD_1414,0,0.371844931,0.00753033,0.007565193,0.613059545
FDMP22H003451_1a_L1_CXD_1611,FDMP22H003451_1a_L1_CXD_1414,0.000592665,0.367940315,0.018860689,0.527367173,0.085239158
FDMP22H003451_1a_L1_CXD_1612,FDMP22H003451_1a_L1_CXD_1414,0,0.378120206,0.00672849,0.527367173,0.087784131
FDMP22H003451_1a_L1_CXD_1613,FDMP22H003451_1a_L1_CXD_1414,0,0.40060661,0.008645935,0.510040441,0.080707014
FDMP22H003451_1a_L1_CXD_1614,FDMP22H003451_1a_L1_CXD_1414,0,0.470785107,0.066866546,0.012968903,0.449379445
FDMP22H003645_1a_L1_DD1,FDMP22H003451_1a_L1_CXD_1414,0.007356017,0.74696695,0.070283085,0.012829452,0.162564496
FDMP22H003645_1a_L1_DD10,FDMP22H003451_1a_L1_CXD_1414,0.013805606,0.641158834,0.191291312,0.004706457,0.149037791
FDMP22H003645_1a_L1_DD11,FDMP22H003451_1a_L1_CXD_1414,0.014956073,0.645551527,0.124041277,0.006379863,0.209071259
FDMP22H003645_1a_L1_DD13,FDMP22H003451_1a_L1_CXD_1414,0.014537721,0.666085623,0.134918421,0.006589039,0.177869195
FDMP22H003645_1a_L1_DD14,FDMP22H003451_1a_L1_CXD_1414,0.017849672,0.642065263,0.120415563,0.004427555,0.215241947
FDMP22H003645_1a_L1_DD15,FDMP22H003451_1a_L1_CXD_1414,0.015234974,0.634256031,0.115465068,0.01108632,0.223957607
FDMP22H003645_1a_L1_DD2,FDMP22H003451_1a_L1_CXD_1414,0.019313903,0.74511923,0.061323386,0.014956073,0.159287408
FDMP22H003645_1a_L1_DD3,FDMP22H003451_1a_L1_CXD_1414,0.003765165,0.679542602,0.120520151,0.002754149,0.193417933
FDMP22H003645_1a_L1_DD4,FDMP22H003451_1a_L1_CXD_1414,0.006763352,0.759099149,0.077639102,0.01174871,0.144749686
FDMP22H003645_1a_L1_DD6,FDMP22H003451_1a_L1_CXD_1414,0.008157858,0.635545949,0.179368289,0.013178078,0.163749826
FDMP22H003645_1a_L1_DD7,FDMP22H003451_1a_L1_CXD_1414,0.034339702,0.647224934,0.11919537,0.00435783,0.194882164
FDMP22H003645_1a_L1_DD9,FDMP22H003451_1a_L1_CXD_1414,0.017047832,0.622507321,0.126307349,0.006275275,0.227862223
FDMP22H003645_1a_L1_DY1,FDMP22H003451_1a_L1_CXD_1414,0.027227723,0.208443732,0.143250593,0.005333984,0.615743969
FDMP22H003645_1a_L1_DY10,FDMP22H003451_1a_L1_CXD_1414,0.073978525,0.138648724,0.143111142,0.008122995,0.636138614
FDMP22H003645_1a_L1_DY11,FDMP22H003451_1a_L1_CXD_1414,0.028552503,0.101031934,0.238983405,0.011121183,0.620310975
FDMP22H003645_1a_L1_DY13,FDMP22H003451_1a_L1_CXD_1414,0.032108493,0.092316274,0.139694603,0.006658764,0.729221866
FDMP22H003645_1a_L1_DY14,FDMP22H003451_1a_L1_CXD_1414,0.087330916,0.44376656,0.155069028,0.012341375,0.301492121
FDMP22H003645_1a_L1_DY15,FDMP22H003451_1a_L1_CXD_1414,0.120833914,0.102008088,0.184632548,0.003277088,0.589248361
FDMP22H003645_1a_L1_DY2,FDMP22H003451_1a_L1_CXD_1414,0.017919398,0.138125784,0.144749686,0.007460605,0.691744527
FDMP22H003645_1a_L1_DY3,FDMP22H003451_1a_L1_CXD_1414,0.011992749,0.073316134,0.105738391,0.009412913,0.799539813
FDMP22H003645_1a_L1_DY4,FDMP22H003451_1a_L1_CXD_1414,0.022625854,0.115465068,0.128050481,0.004567006,0.729291591
FDMP22H003645_1a_L1_DY6,FDMP22H003451_1a_L1_CXD_1414,0.084576768,0.413505787,0.193139032,0.01108632,0.297692093
FDMP22H003645_1a_L1_DY7,FDMP22H003451_1a_L1_CXD_1414,0.080149212,0.184771998,0.174661832,0.010354204,0.550062753
FDMP22H003645_1a_L1_DY9,FDMP22H003451_1a_L1_CXD_1414,0.026565333,0.236508158,0.132094547,0.005229396,0.599602566
FDMP22H003645_1a_L1_ZH1,FDMP22H003451_1a_L1_CXD_1414,0.034758053,0.539081021,0.249372472,0.007704644,0.16908381
FDMP22H003645_1a_L1_ZH11,FDMP22H003451_1a_L1_CXD_1414,0.039778274,0.529947009,0.240447636,0.01227165,0.177555432
FDMP22H003645_1a_L1_ZH12,FDMP22H003451_1a_L1_CXD_1414,0.013422117,0.43954818,0.222772277,0.011121183,0.313136243
FDMP22H003645_1a_L1_ZH13,FDMP22H003451_1a_L1_CXD_1414,0.041242505,0.56163715,0.228245712,0.011783573,0.157091061
FDMP22H003645_1a_L1_ZH14,FDMP22H003451_1a_L1_CXD_1414,0.045321434,0.533154372,0.23138335,0.009691814,0.180449031
FDMP22H003645_1a_L1_ZH15,FDMP22H003451_1a_L1_CXD_1414,0.038558081,0.429612327,0.184318784,0.003207363,0.344303444
FDMP22H003645_1a_L1_ZH2,FDMP22H003451_1a_L1_CXD_1414,0.035838795,0.546088412,0.243585274,0.012690001,0.161797518
FDMP22H003645_1a_L1_ZH3,FDMP22H003451_1a_L1_CXD_1414,0.007774369,0.605773253,0.230128295,0.008959699,0.147364384
FDMP22H003645_1a_L1_ZH4,FDMP22H003451_1a_L1_CXD_1414,0.034653465,0.546471901,0.171628783,0.011121183,0.236124669
FDMP22H003645_1a_L1_ZH5,FDMP22H003451_1a_L1_CXD_1414,0.049330637,0.392483615,0.22848975,0.007600056,0.322095942
FDMP22H003645_1a_L1_ZH7,FDMP22H003451_1a_L1_CXD_1414,0.036884674,0.552642588,0.231104448,0.01042393,0.168944359
FDMP22H003645_1a_L1_ZH9,FDMP22H003451_1a_L1_CXD_1414,0.018895552,0.552189374,0.242051318,0.012759727,0.17410403
FDMP22H003646_1a_L1_BH1,FDMP22H003451_1a_L1_CXD_1414,0.010807419,0.30557105,0.040161763,0.008541347,0.634918421
FDMP22H003646_1a_L1_BH10,FDMP22H003451_1a_L1_CXD_1414,0.008750523,0.789115883,0.043020499,0.008401897,0.150711198
FDMP22H003646_1a_L1_BH11,FDMP22H003451_1a_L1_CXD_1414,0.008192721,0.30121322,0.027332311,0.005229396,0.658032353
FDMP22H003646_1a_L1_BH12,FDMP22H003451_1a_L1_CXD_1414,0.00488077,0.31243899,0.032875471,0.003939478,0.645865291
FDMP22H003646_1a_L1_BH13,FDMP22H003451_1a_L1_CXD_1414,0.01781481,0.309475666,0.027297448,0.00502022,0.640391856
FDMP22H003646_1a_L1_BH14,FDMP22H003451_1a_L1_CXD_1414,0.004078929,0.310138056,0.03960396,0.009273463,0.636905592
FDMP22H003646_1a_L1_BH15,FDMP22H003451_1a_L1_CXD_1414,0.006833078,0.225491563,0.134465207,0.007704644,0.625505508
FDMP22H003646_1a_L1_BH2,FDMP22H003451_1a_L1_CXD_1414,0.010702831,0.312683029,0.041904895,0.006519314,0.628189932
FDMP22H003646_1a_L1_BH3,FDMP22H003451_1a_L1_CXD_1414,0.012376238,0.314705062,0.037965416,0.006902803,0.628050481
FDMP22H003646_1a_L1_BH4,FDMP22H003451_1a_L1_CXD_1414,0.005856924,0.335971273,0.03458374,0.004671594,0.618916469
FDMP22H003646_1a_L1_BH6,FDMP22H003451_1a_L1_CXD_1414,0.00672849,0.30135267,0.033677311,0.005089946,0.653151583
FDMP22H003646_1a_L1_BH8,FDMP22H003451_1a_L1_CXD_1414,0.010354204,0.285873658,0.036814949,0.005822061,0.661135128
FDMP22H003646_1a_L1_LYG1,FDMP22H003451_1a_L1_CXD_1414,0.38212941,0.482010877,0.032945196,0.008157858,0.094756659
FDMP22H003646_1a_L1_LYG11,FDMP22H003451_1a_L1_CXD_1414,0.410716776,0.214405243,0.023741459,0.007878957,0.343257565
FDMP22H003646_1a_L1_LYG12,FDMP22H003451_1a_L1_CXD_1414,0.04078929,0.453911588,0.023671733,0.005055083,0.476572305
FDMP22H003646_1a_L1_LYG13,FDMP22H003451_1a_L1_CXD_1414,0.228141124,0.566622507,0.041556268,0.002963325,0.160716776
FDMP22H003646_1a_L1_LYG14,FDMP22H003451_1a_L1_CXD_1414,0.1729187,0.646039604,0.03273602,0.011574397,0.136731279
FDMP22H003646_1a_L1_LYG15,FDMP22H003451_1a_L1_CXD_1414,0.009587226,0.530504811,0.038244317,0.009134012,0.412529633
FDMP22H003646_1a_L1_LYG2,FDMP22H003451_1a_L1_CXD_1414,0.019069865,0.830428113,0.023288244,0.004845907,0.122367871
FDMP22H003646_1a_L1_LYG3,FDMP22H003451_1a_L1_CXD_1414,0.351485149,0.242992609,0.044101241,0.003451401,0.3579696
FDMP22H003646_1a_L1_LYG4,FDMP22H003451_1a_L1_CXD_1414,0.065820667,0.474898898,0.031829591,0.004427555,0.423023288
FDMP22H003646_1a_L1_LYG5,FDMP22H003451_1a_L1_CXD_1414,0.002754149,0.880978943,0.030330498,0.006484451,0.079451959
